

1477271797405412
1477271797407448
1477271797407467
1477271797409330
1477271797409351
1477271797410646
1477271797412613
1477271797412659
1477271797414369
1477271797414388
1477271797416289
1477271797416306
1477271797417577
1477271797419403
1477271797419426
1477271797421250
1477271797421275
1477271797422624
1477271797424542
1477271797424559
1477271797426420
1477271797426438
1477271797428288
1477271797428306
1477271797429628
1477271797431422
1477271797431440
1477271797433374
1477271797433392
1477271797434596
1477271797434614
1477271797436461
1477271797438343
1477271797438367
1477271797440305
1477271797440328
1477271797441615
1477271797443446
1477271797443463
1477271797445393
1477271797445411
1477271797447222
1477271797447257
1477271797448576
1477271797450437
1477271797450455
1477271797452273
1477271797452291
1477271797453593
1477271797455422
1477271797455444
1477271797457394
1477271797457414
1477271797459288
1477271797459306
1477271797460568
1477271797462362
1477271797462380
1477271797464366
1477271797464385
1477271797465625
1477271797465642
1477271797467584
1477271797469346
1477271797469365
1477271797471242
1477271797471266
1477271797472497
1477271797474491
1477271797474510
1477271797476289
1477271797476309
1477271797478263
1477271797478281
1477271797479549
1477271797481427
1477271797481467
1477271797483365
1477271797483384
1477271797484628
1477271797486447
1477271797486470
1477271797488313
1477271797488333
1477271797490306
1477271797490331
1477271797491573
1477271797493469
1477271797493502
1477271797495309
1477271797495327
1477271797496647
1477271797496664
1477271797498520
1477271797500406
1477271797500423
1477271797502277
1477271797502294
1477271797503533
1477271797505357
1477271797505376
1477271797507361
1477271797507383
1477271797509317
1477271797509344
1477271797510544
1477271797512448
1477271797512466
1477271797514306
1477271797514323
1477271797515635
1477271797517436
1477271797517456
1477271797519415
1477271797519434
1477271797521231
1477271797521250
1477271797522502
1477271797524447
1477271797524464
1477271797526379
1477271797526398
1477271797527628
1477271797527647
1477271797529538
1477271797531428
1477271797531466
1477271797533242
1477271797533259
1477271797534595
1477271797536464
1477271797536482
1477271797538325
1477271797538344
1477271797540190
1477271797540213
1477271797541552
1477271797543455
1477271797543513
1477271797545335
1477271797545353
1477271797546572
1477271797548509
1477271797548527
1477271797550390
1477271797550408
1477271797552288
1477271797552306
1477271797553569
1477271797555366
1477271797555388
1477271797557309
1477271797557330
1477271797558639
1477271797558658
1477271797560507
1477271797562417
1477271797562435
1477271797564320
1477271797564338
1477271797565610
1477271797567498
1477271797567515
1477271797569379
1477271797569397
1477271797571300
1477271797571318
1477271797572470
1477271797574378
1477271797574399
1477271797576372
1477271797576393
1477271797577579
1477271797579489
1477271797579507
1477271797581387
1477271797581404
1477271797583308
1477271797583323
1477271797584634
1477271797586466
1477271797586485
1477271797588233
1477271797588248
1477271797589579
1477271797589597
1477271797591456
1477271797593441
1477271797593471
1477271797595316
1477271797595335
1477271797596610
1477271797598469
1477271797598487
1477271797600367
1477271797600385
1477271797602298
1477271797602318
1477271797603521
1477271797605367
1477271797605385
1477271797607249
1477271797607272
1477271797608522
1477271797610494
1477271797610513
1477271797612392
1477271797612411
1477271797614288
1477271797614306
1477271797615578
1477271797617512
1477271797617529
1477271797619341
1477271797619359
1477271797620615
1477271797620633
1477271797622454
1477271797624310
1477271797624332
1477271797626319
1477271797626343
1477271797627562
1477271797629483
1477271797629499
1477271797631392
1477271797631410
1477271797633261
1477271797633280
1477271797634545
1477271797636380
1477271797636397
1477271797638342
1477271797638359
1477271797639490
1477271797641450
1477271797641468
1477271797643405
1477271797643426
1477271797645281
1477271797645300
1477271797646497
1477271797648402
1477271797648419
1477271797650366
1477271797650384
1477271797651620
1477271797651640
1477271797653521
1477271797655423
1477271797655441
1477271797657233
1477271797657274
1477271797658477
1477271797660502
1477271797660520
1477271797662367
1477271797662384
1477271797664261
1477271797664279
1477271797665549
1477271797667462
1477271797667480
1477271797669361
1477271797669379
1477271797670637
1477271797672631
1477271797672650
1477271797674324
1477271797674343
1477271797676244
1477271797676264
1477271797677572
1477271797679471
1477271797679488
1477271797681380
1477271797681395
1477271797682607
1477271797682624
1477271797684524
1477271797686326
1477271797686344
1477271797688302
1477271797688316
1477271797689508
1477271797691399
1477271797691420
1477271797693297
1477271797693318
1477271797695207
1477271797695226
1477271797696429
1477271797698333
1477271797698352
1477271797700201
1477271797700222
1477271797701488
1477271797703347
1477271797703364
1477271797705300
1477271797705329
1477271797707151
1477271797707174
1477271797708447
1477271797710344
1477271797710373
1477271797712247
1477271797712275
1477271797713483
1477271797713507
1477271797715426
1477271797717322
1477271797717341
1477271797719186
1477271797719199
1477271797720487
1477271797722359
1477271797722377
1477271797724241
1477271797724257
1477271797726141
1477271797726159
1477271797727432
1477271797729326
1477271797729355
1477271797731234
1477271797731255
1477271797732508
1477271797734414
1477271797734428
1477271797736281
1477271797736303
1477271797738174
1477271797738194
1477271797739458
1477271797741366
1477271797741406
1477271797743306
1477271797743335
1477271797744493
1477271797744521
1477271797746431
1477271797748320
1477271797748348
1477271797750179
1477271797750202
1477271797751533
1477271797753457
1477271797753474
1477271797755362
1477271797755383
1477271797757217
1477271797757236
1477271797758507
1477271797760365
1477271797760385
1477271797762229
1477271797762252
1477271797763511
1477271797765405
1477271797765427
1477271797767377
1477271797767395
1477271797769275
1477271797769292
1477271797770506
1477271797772430
1477271797772448
1477271797774312
1477271797774328
1477271797775539
1477271797775557
1477271797777512
1477271797779301
1477271797779319
1477271797781195
1477271797781220
1477271797782551
1477271797784481
1477271797784500
1477271797786311
1477271797786329
1477271797788246
1477271797788264
1477271797789459
1477271797791381
1477271797791400
1477271797793263
1477271797793280
1477271797794552
1477271797796393
1477271797796419
1477271797798317
1477271797798342
1477271797800202
1477271797800220
1477271797801455
1477271797803401
1477271797803422
1477271797805305
1477271797805323
1477271797806595
1477271797806613
1477271797808474
1477271797810345
1477271797810362
1477271797812202
1477271797812218
1477271797813493
1477271797815352
1477271797815373
1477271797817376
1477271797817395
1477271797819231
1477271797819248
1477271797820548
1477271797822400
1477271797822418
1477271797824263
1477271797824281
1477271797825584
1477271797827453
1477271797827471
1477271797829279
1477271797829296
1477271797831170
1477271797831194
1477271797832463
1477271797834395
1477271797834413
1477271797836339
1477271797836358
1477271797837584
1477271797837599
1477271797839519
1477271797841368
1477271797841388
1477271797843184
1477271797843208
1477271797844535
1477271797846371
1477271797846389
1477271797848260
1477271797848284
1477271797850152
1477271797850174
1477271797851504
1477271797853327
1477271797853345
1477271797855192
1477271797855208
1477271797856553
1477271797858478
1477271797858496
1477271797860348
1477271797860365
1477271797862238
1477271797862256
1477271797863438
1477271797865339
1477271797865363
1477271797867313
1477271797867360
1477271797868621
1477271797868639
1477271797870483
1477271797872336
1477271797872355
1477271797874273
1477271797874290
1477271797875557
1477271797877474
1477271797877499
1477271797879323
1477271797879341
1477271797881141
1477271797881158
1477271797882385
1477271797884404
1477271797884433
1477271797886216
1477271797886234
1477271797887581
1477271797889388
1477271797889406
1477271797891274
1477271797891292
1477271797893243
1477271797893261
1477271797894523
1477271797896395
1477271797896412
1477271797898205
1477271797898226
1477271797899512
1477271797899533
1477271797901503
1477271797903371
1477271797903390
1477271797905237
1477271797905255
1477271797906549
1477271797908382
1477271797908416
1477271797910320
1477271797910338
1477271797912221
1477271797912238
1477271797913440
1477271797915297
1477271797915320
1477271797917239
1477271797917264
1477271797918509
1477271797920456
1477271797920475
1477271797922348
1477271797922365
1477271797924256
1477271797924274
1477271797925500
1477271797927404
1477271797927421
1477271797929324
1477271797929341
1477271797930584
1477271797930602
1477271797932390
1477271797934275
1477271797934296
1477271797936273
1477271797936294
1477271797937531
1477271797939317
1477271797939334
1477271797941364
1477271797941382
1477271797943196
1477271797943214
1477271797944464
1477271797946389
1477271797946409
1477271797948275
1477271797948293
1477271797949481
1477271797951385
1477271797951429
1477271797953343
1477271797953363
1477271797955273
1477271797955291
1477271797956469
1477271797958413
1477271797958432
1477271797960297
1477271797960316
1477271797961666
1477271797961702
1477271797963482
1477271797965409
1477271797965427
1477271797967188
1477271797967212
1477271797968461
1477271797970430
1477271797970451
1477271797972338
1477271797972355
1477271797974215
1477271797974232
1477271797975473
1477271797977395
1477271797977413
1477271797979271
1477271797979289
1477271797980512
1477271797982455
1477271797982472
1477271797984282
1477271797984305
1477271797986171
1477271797986193
1477271797987479
1477271797989417
1477271797989432
1477271797991301
1477271797991319
1477271797992584
1477271797992624
1477271797994480
1477271797996365
1477271797996385
1477271797998259
1477271797998278
1477271797999580
1477271798001341
1477271798001406
1477271798003246
1477271798003274
1477271798005179
1477271798005200
1477271798006406
1477271798008393
1477271798008411
1477271798010273
1477271798010293
1477271798011568
1477271798013473
1477271798013492
1477271798015246
1477271798015265
1477271798017115
1477271798017134
1477271798018435
1477271798020330
1477271798020349
1477271798022299
1477271798022317
1477271798023594
1477271798023609
1477271798025481
1477271798027361
1477271798027387
1477271798029262
1477271798029280
1477271798030537
1477271798032451
1477271798032470
1477271798034247
1477271798034263
1477271798036121
1477271798036143
1477271798037436
1477271798039371
1477271798039390
1477271798041299
1477271798041317
1477271798042586
1477271798044451
1477271798044468
1477271798046253
1477271798046270
1477271798048248
1477271798048265
1477271798049432
1477271798051348
1477271798051368
1477271798053231
1477271798053253
1477271798054507
1477271798054526
1477271798056433
1477271798058376
1477271798058394
1477271798060157
1477271798060175
1477271798061510
1477271798063364
1477271798063382
1477271798065345
1477271798065363
1477271798067214
1477271798067232
1477271798068422
1477271798070323
1477271798070341
1477271798072252
1477271798072271
1477271798073582
1477271798075461
1477271798075479
1477271798077349
1477271798077389
1477271798079228
1477271798079247
1477271798080523
1477271798082419
1477271798082437
1477271798084252
1477271798084269
1477271798085492
1477271798085535
1477271798087401
1477271798089375
1477271798089396
1477271798091297
1477271798091315
1477271798092502
1477271798094425
1477271798094443
1477271798096349
1477271798096366
1477271798098213
1477271798098230
1477271798099497
1477271798101438
1477271798101457
1477271798103194
1477271798103218
1477271798104490
1477271798106458
1477271798106477
1477271798108364
1477271798108381
1477271798110226
1477271798110246
1477271798111500
1477271798113366
1477271798113385
1477271798115244
1477271798115259
1477271798116554
1477271798116571
1477271798118453
1477271798120280
1477271798120301
1477271798122211
1477271798122234
1477271798123532
1477271798125454
1477271798125474
1477271798127358
1477271798127376
1477271798129199
1477271798129222
1477271798130508
1477271798132374
1477271798132391
1477271798134287
1477271798134304
1477271798135453
1477271798137377
1477271798137400
1477271798139263
1477271798139287
1477271798141245
1477271798141264
1477271798142540
1477271798144428
1477271798144445
1477271798146329
1477271798146348
1477271798147549
1477271798147566
1477271798149471
1477271798151344
1477271798151362
1477271798153189
1477271798153206
1477271798154438
1477271798156355
1477271798156375
1477271798158338
1477271798158356
1477271798160170
1477271798160190
1477271798161499
1477271798163351
1477271798163368
1477271798165268
1477271798165287
1477271798166581
1477271798168451
1477271798168468
1477271798170247
1477271798170266
1477271798172171
1477271798172189
1477271798173459
1477271798175401
1477271798175420
1477271798177185
1477271798177220
1477271798178537
1477271798178553
1477271798180385
1477271798182367
1477271798182385
1477271798184222
1477271798184240
1477271798185555
1477271798187346
1477271798187365
1477271798189259
1477271798189280
1477271798191123
1477271798191154
1477271798192467
1477271798194376
1477271798194394
1477271798196273
1477271798196290
1477271798197549
1477271798199407
1477271798199425
1477271798201374
1477271798201402
1477271798203220
1477271798203258
1477271798204430
1477271798206328
1477271798206349
1477271798208249
1477271798208272
1477271798209476
1477271798209493
1477271798211492
1477271798213368
1477271798213428
1477271798215169
1477271798215187
1477271798216532
1477271798218374
1477271798218395
1477271798220321
1477271798220340
1477271798222120
1477271798222139
1477271798223403
1477271798225303
1477271798225326
1477271798227299
1477271798227314
1477271798228466
1477271798230451
1477271798230470
1477271798232288
1477271798232305
1477271798234102
1477271798234119
1477271798235430
1477271798237406
1477271798237424
1477271798239184
1477271798239202
1477271798240506
1477271798240522
1477271798242378
1477271798244304
1477271798244343
1477271798246187
1477271798246203
1477271798247530
1477271798249425
1477271798249442
1477271798251291
1477271798251309
1477271798253250
1477271798253268
1477271798254437
1477271798256333
1477271798256352
1477271798258188
1477271798258206
1477271798259486
1477271798261425
1477271798261444
1477271798263318
1477271798263333
1477271798265246
1477271798265264
1477271798266498
1477271798268401
1477271798268426
1477271798270314
1477271798270355
1477271798271579
1477271798271598
1477271798273379
1477271798275300
1477271798275318
1477271798277241
1477271798277260
1477271798278562
1477271798280992
1477271798281012
1477271798282322
1477271798282340
1477271798284221
1477271798284239
1477271798285503
1477271798287303
1477271798287341
1477271798289269
1477271798289287
1477271798290460
1477271798292384
1477271798292406
1477271798294361
1477271798294381
1477271798296192
1477271798296213
1477271798297495
1477271798299393
1477271798299411
1477271798301297
1477271798301315
1477271798302557
1477271798302575
1477271798304481
1477271798306383
1477271798306403
1477271798308169
1477271798308188
1477271798309424
1477271798311388
1477271798311409
1477271798313214
1477271798313234
1477271798315192
1477271798315210
1477271798316481
1477271798318368
1477271798318386
1477271798320268
1477271798320285
1477271798321550
1477271798323587
1477271798323605
1477271798325225
1477271798325248
1477271798327134
1477271798327159
1477271798328402
1477271798330336
1477271798330352
1477271798332195
1477271798332212
1477271798333510
1477271798333530
1477271798335361
1477271798337265
1477271798337285
1477271798339158
1477271798339175
1477271798340463
1477271798342318
1477271798342340
1477271798344198
1477271798344220
1477271798346139
1477271798346159
1477271798347407
1477271798349298
1477271798349316
1477271798351174
1477271798351192
1477271798352481
1477271798354354
1477271798354373
1477271798356278
1477271798356294
1477271798358181
1477271798358199
1477271798359405
1477271798361300
1477271798361323
1477271798363231
1477271798363258
1477271798364474
1477271798364495
1477271798366410
1477271798368287
1477271798368311
1477271798370247
1477271798370266
1477271798371467
1477271798373322
1477271798373340
1477271798375253
1477271798375275
1477271798377113
1477271798377142
1477271798378431
1477271798380393
1477271798380417
1477271798382271
1477271798382303
1477271798383528
1477271798385489
1477271798385505
1477271798387348
1477271798387365
1477271798389185
1477271798389200
1477271798390508
1477271798392300
1477271798392318
1477271798394231
1477271798394256
1477271798395479
1477271798395497
1477271798397481
1477271798399340
1477271798399356
1477271798401278
1477271798401296
1477271798402543
1477271798404342
1477271798404362
1477271798406322
1477271798406340
1477271798408189
1477271798408216
1477271798409375
1477271798411290
1477271798411318
1477271798413223
1477271798413248
1477271798414565
1477271798416452
1477271798416478
1477271798418352
1477271798418370
1477271798420238
1477271798420256
1477271798421495
1477271798423395
1477271798423413
1477271798425280
1477271798425298
1477271798426516
1477271798426533
1477271798428395
1477271798430312
1477271798430338
1477271798432283
1477271798432302
1477271798433565
1477271798435344
1477271798435364
1477271798437335
1477271798437353
1477271798439237
1477271798439255
1477271798440480
1477271798442432
1477271798442450
1477271798444166
1477271798444185
1477271798445479
1477271798447385
1477271798447411
1477271798449351
1477271798449370
1477271798451246
1477271798451266
1477271798452502
1477271798454424
1477271798454513
1477271798456290
1477271798456308
1477271798457590
1477271798457609
1477271798459451
1477271798461381
1477271798461399
1477271798463152
1477271798463178
1477271798464459
1477271798466429
1477271798466450
1477271798468324
1477271798468342
1477271798470240
1477271798470258
1477271798471483
1477271798473394
1477271798473413
1477271798475168
1477271798475185
1477271798476510
1477271798478355
1477271798478371
1477271798480282
1477271798480306
1477271798482185
1477271798482208
1477271798483529
1477271798485290
1477271798485307
1477271798487285
1477271798487303
1477271798488581
1477271798488599
1477271798490492
1477271798492271
1477271798492325
1477271798494242
1477271798494260
1477271798495457
1477271798497337
1477271798497359
1477271798499279
1477271798499310
1477271798501255
1477271798501274
1477271798502468
1477271798504369
1477271798504388
1477271798506290
1477271798506308
1477271798507599
1477271798509450
1477271798509470
1477271798511311
1477271798511330
1477271798513126
1477271798513148
1477271798514440
1477271798516354
1477271798516388
1477271798518304
1477271798518323
1477271798519575
1477271798519592
1477271798521474
1477271798523289
1477271798523306
1477271798525269
1477271798525288
1477271798526495
1477271798528425
1477271798528443
1477271798530220
1477271798530236
1477271798532151
1477271798532173
1477271798533376
1477271798535363
1477271798535382
1477271798537270
1477271798537287
1477271798538555
1477271798540420
1477271798540437
1477271798542258
1477271798542276
1477271798544239
1477271798544257
1477271798545500
1477271798547295
1477271798547315
1477271798549205
1477271798549223
1477271798550515
1477271798550537
1477271798552413
1477271798554397
1477271798554415
1477271798556243
1477271798556262
1477271798557531
1477271798559320
1477271798559336
1477271798561324
1477271798561344
1477271798563222
1477271798563240
1477271798564410
1477271798566311
1477271798566333
1477271798568223
1477271798568240
1477271798569518
1477271798571425
1477271798571456
1477271798573342
1477271798573360
1477271798575213
1477271798575230
1477271798576467
1477271798578320
1477271798578338
1477271798580290
1477271798580327
1477271798581481
1477271798581500
1477271798583404
1477271798585385
1477271798585405
1477271798587243
1477271798587262
1477271798588502
1477271798590409
1477271798590423
1477271798592218
1477271798592237
1477271798594190
1477271798594210
1477271798595479
1477271798597275
1477271798597292
1477271798599206
1477271798599228
1477271798600450
1477271798602453
1477271798602471
1477271798604312
1477271798604330
1477271798606241
1477271798606260
1477271798607503
1477271798609385
1477271798609403
1477271798611291
1477271798611308
1477271798612577
1477271798612595
1477271798614390
1477271798616289
1477271798616312
1477271798618175
1477271798618197
1477271798619507
1477271798621500
1477271798621556
1477271798623295
1477271798623312
1477271798625192
1477271798625209
1477271798626428
1477271798628365
1477271798628383
1477271798630266
1477271798630284
1477271798631575
1477271798633364
1477271798633387
1477271798635226
1477271798635251
1477271798637211
1477271798637230
1477271798638503
1477271798640402
1477271798640421
1477271798642299
1477271798642317
1477271798643582
1477271798643600
1477271798645455
1477271798647347
1477271798647362
1477271798649183
1477271798649203
1477271798650448
1477271798652328
1477271798652344
1477271798654248
1477271798654265
1477271798656221
1477271798656239
1477271798657485
1477271798659336
1477271798659354
1477271798661245
1477271798661263
1477271798662542
1477271798664436
1477271798664471
1477271798666279
1477271798666297
1477271798668111
1477271798668131
1477271798669398
1477271798671273
1477271798671289
1477271798673311
1477271798673326
1477271798674511
1477271798674531
1477271798676481
1477271798678371
1477271798678390
1477271798680230
1477271798680247
1477271798681520
1477271798683326
1477271798683344
1477271798685255
1477271798685275
1477271798687188
1477271798687210
1477271798688494
1477271798690385
1477271798690404
1477271798692228
1477271798692248
1477271798693532
1477271798695453
1477271798695471
1477271798697280
1477271798697296
1477271798699220
1477271798699239
1477271798700405
1477271798702330
1477271798702350
1477271798704208
1477271798704229
1477271798705565
1477271798705604
1477271798707460
1477271798709334
1477271798709352
1477271798711243
1477271798711262
1477271798712501
1477271798714436
1477271798714454
1477271798716290
1477271798716318
1477271798718125
1477271798718161
1477271798719387
1477271798721281
1477271798721303
1477271798723265
1477271798723286
1477271798724572
1477271798726428
1477271798726448
1477271798728321
1477271798728339
1477271798730213
1477271798730232
1477271798731499
1477271798733408
1477271798733429
1477271798735198
1477271798735237
1477271798736486
1477271798736505
1477271798738455
1477271798740316
1477271798740333
1477271798742257
1477271798742310
1477271798743532
1477271798745404
1477271798745424
1477271798747292
1477271798747311
1477271798749110
1477271798749130
1477271798750500
1477271798752300
1477271798752321
1477271798754167
1477271798754187
1477271798755528
1477271798757427
1477271798757445
1477271798759275
1477271798759292
1477271798761222
1477271798761239
1477271798762497
1477271798764364
1477271798764383
1477271798766230
1477271798766250
1477271798767697
1477271798767713
1477271798769365
1477271798771252
1477271798771277
1477271798773281
1477271798773302
1477271798774529
1477271798776383
1477271798776402
1477271798778313
1477271798778332
1477271798780191
1477271798780209
1477271798781469
1477271798783370
1477271798783389
1477271798785165
1477271798785183
1477271798786467
1477271798788369
1477271798788386
1477271798790279
1477271798790318
1477271798792171
1477271798792186
1477271798793465
1477271798795399
1477271798795417
1477271798797296
1477271798797314
1477271798798588
1477271798798606
1477271798800454
1477271798802357
1477271798802378
1477271798804166
1477271798804187
1477271798805418
1477271798807413
1477271798807437
1477271798809292
1477271798809309
1477271798811208
1477271798811225
1477271798812478
1477271798814373
1477271798814390
1477271798816273
1477271798816291
1477271798817482
1477271798819428
1477271798819446
1477271798821256
1477271798821276
1477271798823145
1477271798823168
1477271798824508
1477271798826421
1477271798826438
1477271798828268
1477271798828288
1477271798829585
1477271798829603
1477271798831450
1477271798833240
1477271798833260
